Time stamp;Contador;RSSI_DL;RSSI_UL;SNR_DL;SNR_UL;Luminosidade;LED
Sun Jun 21 20:41:00 2026;1;-75.0;-75.0;5.5;5.75;1230;0
Sun Jun 21 20:41:03 2026;2;-75.0;-75.0;5.25;5.75;1134;0
Sun Jun 21 20:41:06 2026;3;-75.0;-76.0;5.25;5.5;1200;0
Sun Jun 21 20:41:08 2026;4;-75.0;-75.0;5.5;5.75;1131;0
Sun Jun 21 20:41:11 2026;5;-75.0;-76.0;5.0;5.75;1146;0
Sun Jun 21 20:41:15 2026;6;-75.0;-76.0;5.25;5.75;1254;0
Sun Jun 21 20:41:18 2026;7;-75.0;-75.0;5.5;6.0;1201;0
Sun Jun 21 20:41:20 2026;8;-75.0;-75.0;5.25;5.5;1232;0
Sun Jun 21 20:41:23 2026;9;-75.0;-75.0;5.5;5.75;1117;0
Sun Jun 21 20:41:26 2026;10;-75.0;-75.0;5.0;5.5;1167;0
Sun Jun 21 20:41:29 2026;11;-75.0;-75.0;5.25;5.5;1187;0
Sun Jun 21 20:41:32 2026;12;-75.0;-76.0;5.25;5.75;1126;0
Sun Jun 21 20:41:35 2026;13;-75.0;-75.0;5.25;5.5;1126;0
Sun Jun 21 20:41:37 2026;14;-75.0;-75.0;5.25;5.75;1152;0
Sun Jun 21 20:41:40 2026;15;-75.0;-75.0;5.25;6.0;1246;0
Sun Jun 21 20:41:43 2026;16;-75.0;-75.0;5.25;6.25;1229;0
Sun Jun 21 20:41:46 2026;17;-74.0;-75.0;5.5;5.75;1236;0
Sun Jun 21 20:41:49 2026;18;-75.0;-76.0;5.0;5.75;1205;0
Sun Jun 21 20:41:52 2026;19;-75.0;-76.0;5.0;5.75;1203;0
Sun Jun 21 20:41:55 2026;20;-75.0;-75.0;5.25;5.75;1143;0
Sun Jun 21 20:41:58 2026;21;-75.0;-75.0;5.25;5.75;1214;0
Sun Jun 21 20:42:01 2026;22;-75.0;-75.0;5.5;5.75;1122;0
Sun Jun 21 20:42:03 2026;23;-75.0;-76.0;5.0;5.5;1200;0
Sun Jun 21 20:42:06 2026;24;-75.0;-76.0;5.25;5.75;1118;0
Sun Jun 21 20:42:09 2026;25;-75.0;-75.0;5.5;5.5;1159;0
Sun Jun 21 20:42:12 2026;26;-75.0;-76.0;5.25;5.75;1104;0
Sun Jun 21 20:42:15 2026;27;-75.0;-75.0;5.25;5.5;1108;0
Sun Jun 21 20:42:17 2026;28;-75.0;-75.0;5.0;5.25;1104;0
Sun Jun 21 20:42:20 2026;29;-75.0;-75.0;5.0;5.75;1168;0
Sun Jun 21 20:42:23 2026;30;-75.0;-75.0;5.25;5.75;1109;0
Sun Jun 21 20:42:26 2026;31;-75.0;-76.0;5.0;5.75;1113;0
Sun Jun 21 20:42:29 2026;32;-75.0;-75.0;5.25;5.25;1218;0
Sun Jun 21 20:42:32 2026;33;-75.0;-75.0;5.5;5.75;1148;0
Sun Jun 21 20:42:36 2026;34;-75.0;-76.0;5.5;5.75;1206;0
Sun Jun 21 20:42:38 2026;35;-75.0;-75.0;5.25;5.75;1179;0
Sun Jun 21 20:42:41 2026;36;-75.0;-75.0;5.25;5.5;1135;0
Sun Jun 21 20:42:44 2026;37;-75.0;-76.0;5.5;6.0;1130;0
Sun Jun 21 20:42:47 2026;38;-75.0;-75.0;5.25;5.75;1223;0
Sun Jun 21 20:42:50 2026;39;-75.0;-75.0;5.0;6.0;1154;0
Sun Jun 21 20:42:53 2026;40;-75.0;-75.0;5.5;5.5;1232;0
Sun Jun 21 20:42:56 2026;41;-75.0;-75.0;5.0;5.75;1187;0
Sun Jun 21 20:42:58 2026;42;-75.0;-75.0;5.5;5.75;1168;0
Sun Jun 21 20:43:01 2026;43;-75.0;-75.0;6.0;5.5;1106;0
Sun Jun 21 20:43:04 2026;44;-75.0;-75.0;5.25;5.5;1221;0
Sun Jun 21 20:43:07 2026;45;-75.0;-75.0;5.25;5.5;1159;0
Sun Jun 21 20:43:10 2026;46;-75.0;-75.0;5.5;5.75;1216;0
Sun Jun 21 20:43:13 2026;47;-75.0;-75.0;5.25;5.5;1163;0
Sun Jun 21 20:43:16 2026;48;-75.0;-76.0;5.25;5.5;1203;0
Sun Jun 21 20:43:19 2026;49;-75.0;-74.0;5.5;5.5;1217;0
Sun Jun 21 20:43:22 2026;50;-75.0;-75.0;5.0;5.75;1137;0
Sun Jun 21 20:43:25 2026;51;-75.0;-75.0;5.25;6.0;1154;0
Sun Jun 21 20:43:28 2026;52;-75.0;-75.0;5.25;5.75;1227;0
Sun Jun 21 20:43:31 2026;53;-75.0;-75.0;5.25;5.75;1231;0
Sun Jun 21 20:43:34 2026;54;-75.0;-75.0;5.25;5.75;1198;0
Sun Jun 21 20:43:36 2026;55;-75.0;-76.0;5.25;5.5;1104;0
Sun Jun 21 20:43:39 2026;56;-75.0;-75.0;5.0;5.25;1211;0
Sun Jun 21 20:43:42 2026;57;-75.0;-76.0;5.5;5.25;1238;0
Sun Jun 21 20:43:45 2026;58;-75.0;-76.0;5.5;5.0;1215;0
Sun Jun 21 20:43:48 2026;59;-75.0;-76.0;5.25;5.5;1200;0
Sun Jun 21 20:43:51 2026;60;-75.0;-75.0;5.5;5.5;1201;0
Sun Jun 21 20:43:54 2026;61;-75.0;-75.0;5.5;5.75;1169;0
Sun Jun 21 20:43:57 2026;62;-75.0;-76.0;5.25;6.0;1183;0
Sun Jun 21 20:44:00 2026;63;-75.0;-76.0;5.25;6.0;1183;0
Sun Jun 21 20:44:03 2026;64;-75.0;-75.0;6.0;5.75;1207;0
Sun Jun 21 20:44:06 2026;65;-75.0;-75.0;5.25;5.75;1205;0
Sun Jun 21 20:44:09 2026;66;-75.0;-75.0;5.5;5.75;1186;0
Sun Jun 21 20:44:12 2026;67;-75.0;-74.0;5.5;6.0;1104;0
Sun Jun 21 20:44:15 2026;68;-75.0;-75.0;5.25;6.0;1099;0
Sun Jun 21 20:44:18 2026;69;-75.0;-75.0;5.5;6.75;1136;0
Sun Jun 21 20:44:20 2026;70;-75.0;-75.0;5.5;5.75;1095;0
Sun Jun 21 20:44:23 2026;71;-75.0;-76.0;5.5;5.5;1136;0
Sun Jun 21 20:44:26 2026;72;-75.0;-76.0;5.25;6.0;1200;0
Sun Jun 21 20:44:29 2026;73;-75.0;-76.0;6.5;5.75;1151;0
Sun Jun 21 20:44:32 2026;74;-75.0;-75.0;5.5;6.0;1179;0
Sun Jun 21 20:44:35 2026;75;-75.0;-76.0;5.5;5.5;1171;0
Sun Jun 21 20:44:38 2026;76;-75.0;-75.0;5.25;5.75;1179;0
Sun Jun 21 20:44:41 2026;77;-75.0;-75.0;5.5;5.5;1122;0
Sun Jun 21 20:44:43 2026;78;-75.0;-75.0;5.5;5.75;1228;0
Sun Jun 21 20:44:46 2026;79;-75.0;-75.0;5.5;5.5;1232;0
Sun Jun 21 20:44:50 2026;80;-75.0;-76.0;5.5;6.0;1111;0
Sun Jun 21 20:44:53 2026;81;-75.0;-75.0;5.5;6.0;1178;0
Sun Jun 21 20:44:55 2026;82;-75.0;-75.0;5.25;5.75;1230;0
Sun Jun 21 20:44:58 2026;83;-75.0;-75.0;5.25;5.5;1168;0
Sun Jun 21 20:45:01 2026;84;-75.0;-75.0;5.25;5.5;1197;0
Sun Jun 21 20:45:04 2026;85;-75.0;-75.0;5.0;5.75;1217;0
Sun Jun 21 20:45:07 2026;86;-75.0;-75.0;5.25;5.75;1136;0
Sun Jun 21 20:45:10 2026;87;-75.0;-76.0;5.5;5.75;1135;0
Sun Jun 21 20:45:13 2026;88;-75.0;-75.0;5.25;5.25;1099;0
Sun Jun 21 20:45:16 2026;89;-74.0;-75.0;5.5;5.5;1099;0
Sun Jun 21 20:45:18 2026;90;-78.0;-79.0;5.25;5.25;1206;0
Sun Jun 21 20:45:21 2026;91;-72.0;-71.0;5.25;6.25;1185;0
Sun Jun 21 20:45:25 2026;92;-74.0;-74.0;5.5;6.0;1200;0
Sun Jun 21 20:45:28 2026;93;-71.0;-71.0;5.5;6.0;1136;0
Sun Jun 21 20:45:31 2026;94;-73.0;-73.0;5.0;5.75;913;0
Sun Jun 21 20:45:34 2026;95;-75.0;-75.0;5.5;6.0;430;0
Sun Jun 21 20:45:37 2026;96;-75.0;-75.0;5.5;5.75;379;0
Sun Jun 21 20:45:40 2026;97;-72.0;-73.0;5.5;5.75;1110;0
Sun Jun 21 20:45:43 2026;98;-74.0;-74.0;5.75;5.75;1103;0
Sun Jun 21 20:45:46 2026;99;-80.0;-81.0;5.0;5.5;1071;0
Sun Jun 21 20:45:49 2026;100;-74.0;-74.0;5.5;5.75;1200;0
