-68.0 -68.0
-68.0 -68.0
-68.0 -68.0
4;;1
-68.0 -68.0
-68.0 -68.0
-68.0 -68.0
-68.0 -68.0
-68.0 -68.0
-68.0 -68.0
-68.0 -68.0
-68.0 -69.0
-68.0 -68.0
-80.0 -81.0
-72.0 -72.0
-65.0 -65.0
-68.0 -69.0
-68.0 -69.0
-67.0 -67.0
-65.0 -66.0
-80.0 -81.0
-80.0 -81.0
-78.0 -79.0
-69.0 -70.0
-69.0 -71.0
-68.0 -68.0
-68.0 -69.0
-68.0 -68.0
-68.0 -69.0
-68.0 -68.0
-68.0 -69.0
-68.0 -69.0
-67.0 -68.0
-68.0 -69.0
-68.0 -69.0
-67.0 -68.0
37;;2
-80.0 -78.0
-68.0 -69.0
-68.0 -68.0
-68.0 -70.0
-67.0 -68.0
-68.0 -68.0
-68.0 -68.0
-68.0 -68.0
-68.0 -68.0
-68.0 -68.0
-68.0 -68.0
-68.0 -68.0
-68.0 -68.0
-68.0 -68.0
-68.0 -68.0
-68.0 -68.0
-68.0 -68.0
-68.0 -68.0
-68.0 -68.0
-68.0 -68.0
-68.0 -69.0
-68.0 -68.0
-68.0 -68.0
-68.0 -69.0
-68.0 -68.0
-68.0 -68.0
-68.0 -68.0
-67.0 -68.0
-67.0 -68.0
-68.0 -69.0
-68.0 -68.0
-68.0 -68.0
-68.0 -68.0
-68.0 -68.0
-68.0 -69.0
-68.0 -68.0
-68.0 -68.0
-68.0 -68.0
-68.0 -69.0
-68.0 -68.0
-68.0 -68.0
-68.0 -69.0
-67.0 -68.0
-68.0 -68.0
-68.0 -68.0
-68.0 -68.0
-68.0 -68.0
-67.0 -68.0
-68.0 -68.0
-68.0 -68.0
-68.0 -68.0
-68.0 -68.0
-68.0 -68.0
-67.0 -68.0
-68.0 -68.0
-68.0 -68.0
-68.0 -69.0
-68.0 -68.0
-68.0 -68.0
-68.0 -68.0
98;;3
-68.0 -68.0
-68.0 -68.0
